20121003398 刘剑峰 98 84 86
20121003399 龚方怡 91 93 96
20121004233 贾国栋 88 90 86
20121004415 孙一卓 76 95 90
20121000290 边达宇 85 90 75 
20121000424 王晨 95 95 93
20121000553 高佳维 86 95 92
20121000570 初国利 95 87 86
20121000584 利振彬 80 68 88
20121000818 孟珂 50 86 76 
20121000921 罗云迪 56 90 95
20121001121 田甜 85 75 87
20121001248 王如男 94 79 97
20121001316 邵叶飞 60 84 96
20121001375 周晨曦 97 76 90
20121001695 王洪 86 88 91
20121001842 尹笛露 85 85 85
20121002002 刘宇坤 86 86 86
20121002152 尹然宇 88 88 88
20121002162 孙史磊 90 92 80
20121002269 陈云锅 93 95 85
20121002321 于文涛 98 90 86
20121002439 景揭俊 95 92 85
20121002585 戴贤铎 98 86 78
20121002685 曹厚臻 80 87 90
20121002775 马晴 83 85 90
20121003127 冯泽宇 90 89 75
20121003358 肖寒 98 90 90
20121003359 张赓 97 95 84